67 67
1 28
1 29
2 28
2 30
3 30
3 35
3 36
4 26
4 27
4 28
4 29
4 31
4 32
4 35
4 38
5 26
5 29
5 33
5 35
5 37
5 38
6 29
6 31
6 33
6 35
7 30
7 31 
7 33
7 35
8 34
10 20
10 21
11 21
11 30
12 21
12 23
12 29
12 30
13 22
13 23
14 36
15 37
16 35
16 36
16 37
18 25 
19 26
19 27
20 25
20 27
20 32
20 33 
20 56 
21 32
21 54
21 55
21 56
22 33
22 34
22 35
22 53
23 35
23 53
23 54
25 46
26 47
26 48
26 61
26 62
27 46
27 47
27 62
28 4
28 5
28 62
28 64
28 65
29 5
29 15
29 16
29 54
29 60
29 61
29 62
29 65
30 3
30 14
30 16
30 54
30 55
30 59
30 63
30 64
31 3
31 4 
31 5
31 6
31 7
31 16
31 22
31 23
31 59
31 60
31 62
32 8
32 22
32 45
32 46
32 62
33 5
33 6
33 7
33 20
33 22
33 44
33 46
33 59
33 60
33 61
34 4
34 20
34 21
34 44
34 58
35 4
35 6
35 7
35 43
35 44
35 50
35 59
35 60
35 61
35 62
35 63 
36 2
36 3
36 7
36 11
36 12
36 50
36 52
36 63
37 1
37 4
37 5
37 6
37 12
37 50
37 51
37 61
38 1
38 2
38 4
38 61
38 62
39 4
39 19
39 20
40 4
40 5
40 18
40 19
41 20
43 12
43 13
43 31
44 13
44 31
44 32
44 33
45 10
45 11
45 12
45 34
46 10
46 33
46 34
46 39
46 41
47 39
47 40
48 40
50 29
50 30
50 31
51 29
52 30
53 43
53 44
54 36
54 37
54 43
54 45
55 36
55 45
56 45
56 46
58 32
59 31
59 33
59 35
59 36
60 31
60 33
60 35
60 37
61 28
61 29
61 31
61 33
61 37
61 40
62 28
62 31
62 34
62 35
62 37
62 38
62 39
62 40
63 30
63 31
63 36
64 36
64 38
65 37
65 38